-0.000474552
-0.000456962
-0.000444425
-0.000448497
-0.000484707
-0.000473403
-0.000453955
-0.000485299
-0.000409718
-0.000446233
-0.000421867
-0.000463856
-0.000527237
-0.000500016
-0.000324794
-0.000395863
-0.000533371
-0.000408536
-0.000453346
-0.000514345
-0.000462691
-0.000526274
-0.000495285
-0.00046362
-0.000419924
-0.000456726
-0.000507653
-0.000490368
-0.000510763
-0.000506065
-0.000520495
-0.00051105
-0.000456557
-0.000354499
-0.000337585
-0.000552228
-0.000523233
-0.000508194
-0.000515916
-0.000455577
-0.000505896
-0.000397384
-0.000526274
-0.000506369
-0.000456405
-0.000474096
-0.000491939
-0.00047097
-0.000438021
-0.000514057
-0.000506336
-0.000480821
-0.000472373
-0.000457267
-0.000445236
-0.000463181
-0.000457165
-0.000501571
-0.000410901
-0.000480821
-0.000504663
-0.000471798
-0.000473285
-0.000441417
-0.00043743
-0.000458483
-0.000495826
-0.000467608
-0.000465732
-0.000517876
-0.000486465
-0.000506116
-0.000447906
-0.000479368
-0.000468233
-0.000480906
-0.000491753
-0.000500438
-0.000476073
-0.000436517
-0.000468402
-0.000493815
-0.00048834
-0.000454225
-0.000484555
-0.00048393
-0.000493173
-0.000430113
-0.000430316
-0.00040982
-0.000532729
-0.000513922
-0.000486448
-0.000465343
-0.000476732
-0.000482561
-0.000451386
-0.000473758
-0.000475144
-0.000485772
-0.000483153
-0.000478286
-0.000465783
-0.000466222
-0.000482561
-0.000481091
-0.000466763
-0.000490435
-0.000470936
-0.000464583
-0.000467929
-0.000460612
-0.000485704
-0.000479824
-0.000471612
-0.000474738
-0.000477137
-0.000487546
-0.000496603
-0.000481649
-0.000464482
-0.000464904
-0.000467692
-0.000470615
-0.000486921
-0.000489405
-0.000485975
-0.000481142
-0.000472288
-0.000471561
-0.000473234
-0.000485738
-0.000485434
-0.000474079
-0.000462961
-0.000464093
-0.000453431
-0.000449072
-0.000482899
-0.00044336
-0.000476935
-0.000477205
-0.000467185
-0.000465039
-0.000467743
-0.000464904
-0.000465952
-0.00046531
-0.000457672
-0.000474772
-0.000470058
-0.000467287
-0.000469297
-0.000469314
-0.000474671
-0.000487259
-0.000486566
-0.000473961
-0.000477813
-0.000487614
-0.000485637
-0.000481649
-0.000471899
-0.000474434
-0.000474265
-0.000467557
-0.000471342
-0.000475448
-0.000470902
-0.000475836
-0.000483406
-0.000486651
-0.00049275
-0.000487259
-0.000479655
-0.000484521
-0.000487732
-0.000493747
-0.000496907
-0.000493342
-0.000485721
-0.000478878
-0.000476546
-0.000478726
-0.000478219
-0.000475515
-0.000477137
-0.000480737
-0.000479757
-0.00048077
-0.000481987
-0.000482409
-0.000481784
-0.000478489
-0.000477644
-0.000484319
-0.000473251
-0.000462758
-0.000457469
-0.000463147
-0.000468807
-0.000462606
-0.000457216
-0.000459176
-0.00045529
-0.000455442
-0.000452975
-0.000453431
-0.000451285
-0.000454884
-0.000453482
-0.000451167
-0.000446706
-0.000446284
-0.000447787
-0.000439474
-0.000429201
-0.000423658
-0.000427376
-0.000425365
-0.000421276
-0.000419282
-0.0004267
-0.000427274
-0.000431144
-0.000430738
-0.000415835
-0.0004108
-0.000407809
-0.000409854
-0.00040029
-0.00039468
-0.000394224
-0.000401692
-0.000403044
-0.000406491
-0.000398279
-0.000397468
-0.000402385
-0.000396843
-0.000391926
-0.000400222
-0.000399749
-0.000390202
-0.000387516
-0.0003949
-0.000404295
-0.000406677
-0.000412067
-0.000415903
-0.000422881
-0.000415717
-0.000416781
-0.000417711
-0.000418522
-0.00042991
-0.000426328
-0.0004267
-0.000430417
-0.000419164
-0.000414517
-0.000428322
-0.000430164
-0.000430823
-0.000434895
-0.000444357
-0.000457047
-0.000454749
-0.000452975
-0.000457064
-0.000454005
-0.000453245
-0.0004536
-0.000456033
-0.000468283
-0.0004732
-0.000461643
-0.000463704
-0.000458956
-0.000456861
-0.000460494
-0.000461153
-0.000462015
-0.000475397
-0.000467354
-0.000462065
-0.00045507
-0.000456033
-0.000452366
-0.0004585
-0.000465749
-0.000466594
-0.000468926
-0.000468723
-0.000473927
-0.000476631
-0.000467979
-0.000463248
-0.000464532
-0.000463772
-0.000472187
-0.000476766
-0.000477256
-0.00048099
-0.000482257
-0.000485637
-0.000494389
-0.000487005
-0.000481902
-0.000483913
-0.000484707
-0.000483626
-0.000483339
-0.000479486
-0.000481784
-0.000480551
-0.000479317
-0.000480618
-0.000474823
-0.000471747
-0.000473099
-0.000479757
-0.000480466
-0.000473538
-0.000467067
-0.000467219
-0.000474687
-0.00047097
-0.000466053
-0.000465783
-0.000469517
-0.000472474
-0.00046923
-0.000470024
-0.000472829
-0.000479909
-0.000476884
-0.000482764
-0.000482088
-0.000474282
-0.000477729
-0.000481666
-0.000485502
-0.000474873
-0.000467979
-0.000468807
-0.000473944
-0.000482747
-0.000486465
-0.000482967
-0.000478354
-0.0004817
-0.000488458
-0.000486144
-0.000487816
-0.000486414
-0.000489405
-0.000490841
-0.000488932
-0.000490233
-0.000484758
-0.000483271
-0.00049689
-0.000502956
-0.000497532
-0.000487935
-0.000478354
-0.000479182
-0.000477813
-0.000477729
-0.000477087
-0.000480263
-0.000476749
-0.000474349
-0.000478202
-0.00047827
-0.000476614
-0.000477813
-0.000472541
-0.000472373
-0.000472322
-0.000476191
-0.000481429
-0.000482021
-0.000488915
-0.000494609
-0.000491145
-0.000485434
-0.000489033
-0.000488475
-0.000488915
-0.00049444
-0.000492598
-0.000490621
-0.000480365
-0.000480517
-0.000485637
-0.000488965
-0.000494981
-0.000498563
-0.00049662
-0.000493376
-0.000487968
-0.000485468
-0.000488644
-0.000492936
-0.000493899
-0.000492716
-0.000497853
-0.000498428
-0.000497718
-0.000492632
-0.000490824
-0.000496518
-0.000496654
-0.000491855
-0.000483491
-0.000481277
-0.000480686
-0.00047974
-0.00048028
-0.000476242
-0.000477459
-0.000480787
-0.000483237
-0.000484217
-0.000489844
-0.000499121
-0.000490148
-0.000484775
-0.000493223
-0.00050326
-0.000503328
-0.000495217
-0.000491196
-0.000486819
-0.000485028
-0.000484437
-0.000491145
-0.000497279
-0.00049319
-0.000487495
-0.000488458
-0.000496535
-0.000504561
-0.000503818
-0.000506217
-0.000501925
-0.000499594
-0.000492024
-0.000484285
-0.000488357
-0.000492514
-0.000499458
-0.000503429
-0.000499661
-0.000500422
-0.00049493
-0.000489506
-0.000487326
-0.000489726
-0.000492311
-0.000498833
-0.000501081
-0.00049809
-0.000498985
-0.000489945
-0.00048148
-0.000485011
-0.000486667
-0.000494626
-0.000483102
-0.000477205
-0.000475329
-0.000476191
-0.00047631
-0.000478371
-0.0004817
-0.000483626
-0.000479486
-0.000480078
-0.000476428
-0.000477188
-0.00047783
-0.000481463
-0.000482021
-0.000480534
-0.000473522
-0.000478118
-0.000477543
-0.000477594
-0.000477982
-0.000472423
-0.000465124
-0.000459108
-0.000463856
-0.000466611
-0.000461812
-0.000456151
-0.000459767
-0.000455864
-0.000460849
-0.000454005
-0.000452907
-0.000461373
-0.000457098
-0.000444898
-0.000440336
-0.000434878
-0.000438325
-0.000440691
-0.000434219
-0.000435182
-0.0004414
-0.000437294
-0.000429657
-0.000428356
-0.000431482
-0.000425162
-0.000416477
-0.000408367
-0.000406795
-0.000405241
-0.000402351
-0.000399884
-0.000407252
-0.000406508
-0.00039588
-0.000392855
-0.000397502
-0.000401878
-0.000405866
-0.00041396
-0.000418353
-0.000425297
-0.000418843
-0.000401084
-0.000386603
-0.000397671
-0.000407556
-0.000388057
-0.000372376
-0.000363623
-0.000367239
-0.000361038
-0.000360176
-0.000363201
-0.000355969
-0.000359433
-0.000375806
-0.000403196
-0.000418843
-0.000400797
-0.000388631
-0.000387465
-0.000376904
-0.000364722
-0.000359855
-0.000351643
-0.000355057
-0.000357625
-0.000356054
-0.000361444
-0.000372444
-0.000374015
-0.000377107
-0.000379355
-0.000382159
-0.000379473
-0.000382379
-0.000385573
-0.000390422
-0.000399884
-0.000407099
-0.000416359
-0.000415599
-0.000412692
-0.000408755
-0.000413672
-0.000433678
-0.000439136
-0.000443969
-0.000429758
-0.000424588
-0.00042033
-0.000410935
-0.000404869
-0.000406001
-0.000412625
-0.000418623
-0.000423304
-0.000424774
-0.000424351
-0.000432952
-0.000445658
-0.000441654
-0.000441248
-0.000443901
-0.000442701
-0.000439238
-0.000444188
-0.00045605
-0.000464972
-0.000462488
-0.00044576
-0.000442617
-0.000447939
-0.000456456
-0.000457452
-0.000455273
-0.00045926
-0.000452181
-0.000461153
-0.000457469
-0.000445625
-0.000449781
-0.000447196
-0.00045681
-0.000457115
-0.000460291
-0.000462437
-0.000464786
-0.000463992
-0.000465529
-0.000464989
-0.000467608
-0.000473167
-0.000477121
-0.000475177
-0.000469534
-0.000474755
-0.000476952
-0.000472406
-0.000470565
-0.000465208
-0.0004658
-0.00046727
-0.000475228
-0.000469179
-0.000473691
-0.000475093
-0.000475296
-0.000480314
-0.000470717
-0.000464701
-0.000473116
-0.00048001
-0.000477442
-0.000476022
-0.000472896
-0.000477813
-0.000473471
-0.000479114
-0.000489422
-0.00048878
-0.000484065
-0.000478455
-0.000475194
-0.000472068
-0.000476952
-0.000485147
-0.000479655
-0.000479909
-0.000475008
-0.000476563
-0.000469618
-0.000476428
-0.000485079
-0.000488374
-0.000492531
-0.000488019
-0.00048273
-0.000478455
-0.000471798
-0.000464397
-0.00046019
-0.000464583
-0.000470835
-0.000476614
-0.000481176
-0.000477442
-0.000471899
-0.000464397
-0.000464515
-0.000481075
-0.000490655
-0.000487225
-0.000482105
-0.000478286
-0.000484707
-0.00047974
-0.000475161
-0.000476833
-0.000472829
-0.000480061
-0.000489861
-0.000490047
-0.000485011
-0.000485806
-0.000484521
-0.000479993
-0.000476664
-0.000480568
-0.000479537
-0.000479909
-0.000480382
-0.000480635
-0.000490824
-0.000494068
-0.000491534
-0.000485873
-0.000485028
-0.00047636
-0.000472879
-0.000476428
-0.000480399
-0.000481277
-0.000485603
-0.000491584
-0.000485164
-0.000483204
-0.000484065
-0.000472204
-0.000469906
-0.000467557
-0.000465343
-0.00046509
-0.000472727
-0.00048099
-0.000478236
-0.000480568
-0.00047609
-0.000481075
-0.00048687
-0.000488357
-0.00048491
-0.000482342
-0.000490199
-0.000490131
-0.000485856
-0.000483643
-0.000481345
-0.000488002
-0.000498985
-0.000495707
-0.000495471
-0.000494998
-0.000486448
-0.000487377
-0.000487174
-0.000484285
-0.000484674
-0.000482815
-0.000477763
-0.000481159
-0.00049101
-0.000491872
-0.000483947
-0.000493798
-0.000490148
-0.000490114
-0.000486093
-0.000482832
-0.000481801
-0.000478962
-0.00048001
-0.000482899
-0.000489016
-0.000491669
-0.000495876
-0.000491399
-0.000490756
-0.000487208
-0.000487867
-0.000496197
-0.000499323
-0.000494051
-0.000496332
-0.000490638
-0.000489827
-0.000495167
-0.000496856
-0.000497769
-0.000497786
-0.000503598
-0.000494389
-0.000486769
-0.00048981
-0.000493595
-0.0004964
-0.000499239
-0.000502297
-0.00049662
-0.00049493
-0.000509529
-0.000504798
-0.000499239
-0.000499526
-0.0004964
-0.000496924
-0.00049471
-0.000496941
-0.000495116
-0.000494947
-0.000487884
-0.00048714
-0.000495859
-0.000500117
-0.000494474
-0.000490875
-0.000497718
-0.000493088
-0.000488982
-0.000484099
-0.000480787
-0.000485282
-0.000493967
-0.00050032
-0.000497363
-0.000486245
-0.000503074
-0.000508515
-0.000504173
-0.00050397
-0.000496265
-0.000487952
-0.000486245
-0.000482713
-0.000483389
-0.00048589
-0.000483085
-0.000485992
-0.000483812
-0.000483947
-0.000489117
-0.000488154
-0.000494879
-0.000493544
-0.000494339
-0.000495521
-0.000491973
-0.000500658
-0.000501418
-0.000496873
-0.000498529
-0.000501199
-0.000501689
-0.000495015
-0.0004927
-0.000485839
-0.000489253
-0.000498309
-0.000487191
-0.000481581
-0.000489219
-0.000486431
-0.000486769
-0.000490875
-0.00048807
-0.000483068
-0.0004805
-0.00047511
-0.000477932
-0.000477611
-0.000475144
-0.000472423
-0.0004756
-0.000478557
-0.00047876
-0.000482173
-0.000488154
-0.00048954
-0.000491263
-0.0004915
-0.000488999
-0.000486955
-0.000485772
-0.000485485
-0.000487124
-0.000487377
-0.000480517
-0.000475532
-0.000472913
-0.000477002
-0.00048905
-0.00049814
-0.000498157
-0.000499408
-0.000499188
-0.000503007
-0.000497819
-0.000498343
-0.000491263
-0.000491635
-0.000492497
-0.000488965
-0.000489624
-0.000495048
-0.000493916
-0.000496501
-0.000509782
-0.000504967
-0.000494761
-0.000498174
-0.000489557
-0.000489692
-0.000494575
-0.000498039
-0.000501233
-0.000492835
-0.000491483
-0.000488796
-0.000487631
-0.000487293
-0.000486904
-0.000480939
-0.0004842
-0.000486431
-0.000490182
-0.000487749
-0.000494778
-0.00050642
-0.000504004
-0.00050713
-0.000515798
-0.000519752
-0.000517437
-0.000501756
-0.000488813
-0.000488205
-0.00049128
-0.000490435
-0.000500962
-0.000504071
-0.000499256
-0.000499763
-0.000495758
-0.000494237
-0.000495521
-0.000498952
-0.000496535
-0.000492497
-0.000493494
-0.000499053
-0.00049858
-0.000497025
-0.000489084
-0.000482545
-0.000484015
-0.000486329
-0.000485839
-0.000483964
-0.000495352
-0.000492733
-0.000487749
-0.000482697
-0.000481784
-0.000482815
-0.000481024
-0.000476022
-0.000477813
-0.000472018
-0.000462707
-0.000453482
-0.000457807
-0.000457385
-0.000456151
-0.000460832
-0.000462167
-0.000459277
-0.000447112
-0.000443563
-0.000443022
-0.000442347
-0.000441823
-0.000440319
-0.000436483
-0.000430468
-0.000428373
-0.000426615
-0.000423658
-0.000422239
-0.000417677
-0.000419823
-0.000418792
-0.000419536
-0.000415835
-0.000413216
-0.000402233
-0.000399952
-0.000408299
-0.000409871
-0.000401523
-0.000393835
-0.000396522
-0.000394427
-0.000396353
-0.00040546
-0.00040933
-0.000402503
-0.000400442
-0.000398769
-0.000405224
-0.000402622
-0.000395931
-0.00039931
-0.00040127
-0.00039904
-0.000405984
-0.000413892
-0.000411746
-0.00039882
-0.000388107
-0.000391892
-0.000394984
-0.000400611
-0.000397502
-0.000399969
-0.00040198
-0.000398989
-0.000398009
-0.000408434
-0.000423709
-0.00042447
-0.000421259
-0.000421563
-0.000424199
-0.000422983
-0.00042425
-0.000427781
-0.000434168
-0.000429826
-0.000422847
-0.000427072
-0.000435453
-0.00044287
-0.000443834
-0.000445067
-0.000442347
-0.000440724
-0.000443377
-0.000445827
-0.00045186
-0.000442228
-0.000441198
-0.000442076
-0.000446824
-0.000451606
-0.000463383
-0.000455273
-0.000441772
-0.000443749
-0.00044505
-0.000445202
-0.000448919
-0.000452924
-0.000452468
-0.000451792
-0.00045289
-0.000454884
-0.000456185
-0.000466678
-0.000465039
-0.000456354
-0.000456287
-0.000461322
-0.00046531
-0.00046607
-0.000468706
-0.000471443
-0.000477357
-0.000483153
-0.000477121
-0.000467489
-0.00046776
-0.000460866
-0.000465648
-0.000469686
-0.000475245
-0.000475955
-0.000475465
-0.000475177
-0.000480213
-0.000474856
-0.000475161
-0.000485113
-0.00047952
-0.000475667
-0.000473859
-0.000473674
-0.000477526
-0.000479114
-0.000474671
-0.000478439
-0.000488239
-0.000497042
-0.000499188
-0.000488087
-0.000484251
-0.000477137
-0.000478624
-0.000475803
-0.000474079
-0.000471781
-0.000472423
-0.000468841
-0.000475735
-0.000480584
-0.000483761
-0.000479064
-0.000484978
-0.000485011
-0.000487529
-0.000484657
-0.000479419
-0.000476749
-0.000480263
-0.000480635
-0.000479081
-0.00048518
-0.000492024
-0.000496485
-0.000498276
-0.000495758
-0.0004842
-0.00048121
-0.000472913
-0.00048028
-0.000485282
-0.000487056
-0.000491094
-0.000494068
-0.000495167
-0.000499425
-0.00050522
-0.000503294
-0.000494592
-0.00048758
-0.000489557
-0.000486955
-0.000484488
-0.000484319
-0.000488053
-0.000489219
-0.000493156
-0.000490875
-0.000488729
-0.000496096
-0.000495369
-0.000485028
-0.000480213
-0.000482105
-0.000484184
-0.000487377
-0.000486684
-0.000480297
-0.000478608
-0.000480365
-0.000484302
-0.000486329
-0.000494778
-0.000490959
-0.000489084
-0.000493359
-0.000497532
-0.000494119
-0.000488948
-0.000484251
-0.000476698
-0.000478219
-0.000479655
-0.000480247
-0.000489726
-0.000496028
-0.000493578
-0.000496704
-0.000504426
-0.000508245
-0.000503294
-0.000497752
-0.000496214
-0.000489472
-0.000488036
-0.000482781
-0.000482561
-0.000484184
-0.000487174
-0.000492615
-0.000501959
-0.000497329
-0.000492007
-0.000495285
-0.000494896
-0.000497515
-0.000499475
-0.000489185
-0.000484893
-0.000489675
-0.000490266
-0.000489793
-0.000489371
-0.000488898
-0.000493392
-0.000496755
-0.000496991
-0.000502179
-0.000507231
-0.000508819
-0.000510695
-0.00050985
-0.000510543
-0.000512114
-0.000515325
-0.000514007
-0.000520951
-0.00052401
-0.000524229
-0.000530633
-0.000527254
-0.000527964
-0.00052504
-0.000520546
-0.000527558
-0.000529383
-0.000525564
-0.000530194
-0.000531934
-0.000525497
-0.000529248
-0.000525919
-0.000522557
-0.000519245
-0.000523283
-0.000528217
-0.000527812
-0.00052183
-0.000522844
-0.000524398
-0.000524736
-0.000519397
-0.00051813
-0.00052085
-0.000526899
-0.000536176
-0.000539369
-0.000536176
-0.000533726
-0.000534469
-0.00052989
-0.000528977
-0.000527744
-0.000524111
-0.000523047
-0.000525328
-0.000532408
-0.000539268
-0.000538136
-0.000538372
-0.000537916
-0.000530464
-0.000529282
-0.000538524
-0.000541887
-0.000540045
-0.000556131
-0.000556553
-0.000549254
-0.000543965
-0.000536919
-0.000532813
-0.00053038
-0.000529011
-0.000537561
-0.000537916
-0.000538136
-0.000545722
-0.000538237
-0.000534993
-0.000541481
-0.000541414
-0.000528758
-0.000530093
-0.000532357
-0.000531715
-0.000534418
-0.000532881
-0.000533303
-0.000533979
-0.000533016
-0.00053626
-0.000533033
-0.000527254
-0.000529924
-0.000530836
-0.000536801
-0.000536176
-0.000531613
-0.000527288
-0.000524973
-0.000529079
-0.00052962
-0.00052428
-0.000531309
-0.0005465
-0.000546381
-0.000548139
-0.000544793
-0.000538474
-0.000538288
-0.000534148
-0.000531563
-0.000525767
-0.000520681
-0.000517775
-0.000518434
-0.000520715
-0.000516981
-0.000519988
-0.000522979
-0.000528014
-0.000527659
-0.000536176
-0.000541177
-0.000540704
-0.000533421
-0.000528369
-0.000530819
-0.000535888
-0.000542242
-0.000547108
-0.000545874
-0.000534993
-0.000531461
-0.00052668
-0.000526781
-0.00053065
-0.000530194
-0.000530566
-0.000525311
-0.000523875
-0.000525395
-0.000521678
-0.000517386
-0.00051911
-0.000526646
-0.000533878
-0.000536987
-0.00053408
-0.00053653
-0.000543391
-0.00054111
-0.00053702
-0.000531174
-0.000528927
-0.000531208
-0.000533354
-0.000529451
-0.000532256
-0.000532374
-0.000529163
-0.000521002
-0.000522878
-0.000525649
-0.000524483
-0.000527491
-0.000525007
-0.000526206
-0.000528775
-0.000529163
-0.000530802
-0.000536902
-0.000538237
-0.000541346
-0.000533421
-0.000528555
-0.000533742
-0.0005392
-0.000535567
-0.000532881
-0.000533675
-0.000529704
-0.00053773
-0.000536226
-0.000543086
-0.00054873
-0.000542022
-0.000541228
-0.000534908
-0.0005245
-0.000518265
-0.000509208
-0.000512216
-0.000518011
-0.000524162
-0.000523165
-0.000518197
-0.000515037
-0.000525193
-0.000531799
-0.000526426
-0.000526088
-0.000528133
-0.000524584
-0.000529805
-0.000540298
-0.000544928
-0.000534959
-0.000523739
-0.000520918
-0.000519667
-0.000523317
-0.000521712
-0.000520275
-0.000527981
-0.000535077
-0.000533523
-0.000526967
-0.000523587
-0.000515274
-0.000520732
-0.000526527
-0.000527051
-0.000529163
-0.00053457
-0.000535466
-0.000537409
-0.000530701
-0.000533185
-0.000535584
-0.000538879
-0.000543086
-0.000546415
-0.000547125
-0.000534368
-0.00053207
-0.000536733
-0.00053381
-0.000532289
-0.000532188
-0.000531444
-0.00052891
-0.000534232
-0.000532948
-0.000538778
-0.00054258
-0.000541701
-0.000543948
-0.000551552
-0.000554796
-0.000558446
-0.000563599
-0.000573062
-0.000561808
-0.000537713
-0.000528589
-0.000524618
-0.000527051
-0.000531292
-0.000534858
-0.000531749
-0.000521425
-0.000511489
-0.000502601
-0.000495758
-0.00049613
-0.000499577
-0.000500658
-0.00049618
-0.00048829
-0.00048562
-0.000483508
-0.000478455
-0.000472119
-0.000474197
-0.000478067
-0.000486887
-0.000484133
-0.000476377
-0.000475836
-0.000467337
-0.000474502
-0.000480889
-0.000489624
-0.000492142
-0.000487749
-0.000480584
-0.000473032
-0.000477628
-0.000479182
-0.000479165
-0.000475667
-0.00047778
-0.00048393
-0.000487512
-0.000494051
-0.000503125
-0.000503987
-0.000499577
-0.000492125
-0.000501131
-0.000509123
-0.000512199
-0.000509867
-0.000502669
-0.000498225
-0.000499222
-0.000498056
-0.000493866
-0.000499594
-0.000505845
-0.000507738
-0.000505761
-0.000497617
-0.000494778
-0.000497177
-0.000497853
-0.000502855
-0.000511557
-0.000511945
-0.000507113
-0.000503057
-0.000505034
-0.00050718
-0.000505981
-0.000511236
-0.000513365
-0.000510931
-0.00051181
-0.000508127
-0.000504359
-0.000496569
-0.000497211
-0.000499695
-0.000499323
-0.00050277
-0.000503902
-0.000500117
-0.000499239
-0.000497397
-0.000491686
-0.00049689
-0.000510931
-0.000512773
-0.000508988
-0.00050424
-0.000500861
-0.000497549
-0.000495876
-0.000493967
-0.000497465
-0.00049814
-0.000500624
-0.000504257
-0.000500337
-0.000502432
-0.000496501
-0.000506133
-0.000510036
-0.000499458
-0.000494592
-0.000495623
-0.000498783
-0.000498005
-0.000498124
-0.000501114
-0.000496451
-0.000495217
-0.000495471
-0.000496011
-0.000500354
-0.000501452
-0.000508904
-0.000514412
-0.000522371
-0.000524922
-0.000509867
-0.000512216
-0.000505406
-0.0005037
-0.000500675
-0.000501892
-0.000500455
-0.000501537
-0.000496586
-0.000495521
-0.000499408
-0.000498343
-0.000497346
-0.000500168
-0.000498225
-0.000497076
-0.000489202
-0.000484065
-0.000489033
-0.000496975
-0.000496248
-0.000493967
-0.000492429
-0.000494018
-0.000491314
-0.00048856
-0.000482933
-0.000479216
-0.000469922
-0.000468909
-0.000473589
-0.000475904
-0.000470362
-0.000464313
-0.000464211
-0.000467996
-0.000452164
-0.000450626
-0.000449781
-0.000445236
-0.00044091
-0.000432969
-0.000438629
-0.00043035
-0.000424132
-0.000425095
-0.000422442
-0.000429471
-0.000425855
-0.000408536
-0.000401574
-0.000397012
-0.0003876
-0.00039027
-0.000388631
-0.000380284
-0.000384069
-0.000382379
-0.000383629
-0.000378189
-0.000376803
-0.000374438
-0.000373593
-0.000371312
-0.000375688
-0.000373086
-0.000371126
-0.000372224
-0.000373491
-0.000372646
-0.000373981
-0.000377276
-0.000404109
-0.000406086
-0.000391774
-0.000384288
-0.000375671
-0.00037317
-0.000372089
-0.000371261
-0.000373255
-0.000363269
-0.000355192
-0.000368726
-0.000374438
-0.000388783
-0.000401439
-0.000400256
-0.000394714
-0.000392298
-0.000396978
-0.000393041
-0.000399107
-0.000410225
-0.000412067
-0.000413216
-0.000413301
-0.000415328
-0.000411239
-0.000418099
-0.000419738
-0.000423557
-0.000426514
-0.000426666
-0.000426632
-0.000433104
-0.000440032
-0.000443073
-0.000446757
-0.000448582
-0.000445827
-0.000449393
-0.000453448
-0.000450609
-0.000454377
-0.000460021
-0.000466797
-0.000465969
-0.000460224
-0.000457436
-0.000455138
-0.000465141
-0.000471595
-0.000471781
-0.000468402
-0.000467692
-0.000464042
-0.000464448
-0.000466205
-0.000474637
-0.000476056
-0.000477408
-0.000479435
-0.000490098
-0.000488847
-0.000489793
-0.000484707
-0.000485704
-0.00049003
-0.000489912
-0.000489168
-0.000478337
-0.000475634
-0.000477154
-0.000484826
-0.000495065
-0.000496417
-0.000498326
-0.000502736
-0.000498597
-0.000499425
-0.00050468
-0.00050228
-0.00050713
-0.000500726
-0.00050125
-0.000500675
-0.000505592
-0.000503074
-0.000499948
-0.000498952
-0.000505085
-0.000507552
-0.000509259
-0.000507907
-0.000510746
-0.000513534
-0.000508177
-0.000501486
-0.000494778
-0.000494102
-0.000502348
-0.000501942
-0.000499627
-0.000511844
-0.000514666
-0.000509326
-0.000501554
-0.000490283
-0.000493815
-0.000494913
-0.000492125
-0.000498478
-0.00050424
-0.000503547
-0.000503226
-0.000495978
-0.000506437
-0.000512756
-0.000503007
-0.000502094
-0.000498985
-0.00049907
-0.000500776
-0.000505102
-0.000504477
-0.000498157
-0.000498749
-0.000501621
-0.000504443
-0.000504223
-0.000503446
-0.000498867
-0.000512925
-0.000521915
-0.000521137
-0.000511574
-0.000502348
-0.000501993
-0.00050375
-0.000505305
-0.000508752
-0.000517504
-0.000521931
-0.000512486
-0.000504663
-0.000508921
-0.000519515
-0.000515274
-0.000508008
-0.000506386
-0.000506657
-0.000507484
-0.000509833
-0.000514919
-0.000515916
-0.000520495
-0.000520394
-0.000517944
-0.000512233
-0.000506183
-0.000504967
-0.000499256
-0.000507147
-0.000512604
-0.000524432
-0.000520698
-0.000512892
-0.000513888
-0.000516964
-0.000510458
-0.000511236
-0.000506031
-0.000503159
-0.00050593
-0.000506809
-0.000505761
-0.000509445
-0.000503463
-0.00050375
-0.000512368
-0.000516896
-0.000513551
-0.000505643
-0.000505068
-0.000502804
-0.000505322
-0.000508346
-0.000510644
-0.000510526
-0.000510188
-0.000510644
-0.00050811
-0.000501266
-0.000495707
-0.000502044
-0.000512621
-0.000510357
-0.000503379
-0.000503412
-0.000500827
-0.000502973
-0.000504037
-0.000502399
-0.00050664
-0.000503818
-0.00050103
-0.000503226
-0.000504832
-0.00050179
-0.000505068
-0.000509597
-0.000507789
-0.000508414
-0.00050838
-0.00051034
-0.000509411
-0.000503243
-0.000506859
-0.00051519
-0.000517488
-0.000516186
-0.000522827
-0.000526206
-0.000527947
-0.000524888
-0.000520242
-0.000513348
-0.000518451
-0.000520123
-0.000515494
-0.000510391
-0.000504916
-0.000500337
-0.000492649
-0.000494508
-0.000499543
-0.000506826
-0.000513652
-0.000515764
-0.000517234
-0.000519127
-0.000527947
-0.000527338
-0.000520715
-0.000512385
-0.000510729
-0.000510053
-0.000507552
-0.000507282
-0.00050517
-0.000504578
-0.000512942
-0.000521019
-0.000523672
-0.000524635
-0.000520394
-0.000514919
-0.000513229
-0.000510171
-0.000505981
-0.000502331
-0.000506031
-0.000513483
-0.000520343
-0.000522151
-0.000514514
-0.000512351
-0.000513263
-0.000515511
-0.000517876
-0.000514226
-0.000509495
-0.000505355
-0.000506065
-0.000511726
-0.000515527
-0.000516727
-0.000517775
-0.000517065
-0.000518197
-0.000520698
-0.000524213
-0.0005245
-0.000521458
-0.000520749
-0.000512959
-0.000507383
-0.000505845
-0.000497955
-0.000498749
-0.000498766
-0.000495505
-0.000494237
-0.000506521
-0.000515359
-0.000515713
-0.000520985
-0.00051965
-0.000525936
-0.000533709
-0.000530701
-0.000521898
-0.000512452
-0.000504544
-0.000500236
-0.000498614
-0.000499425
-0.000498816
-0.000499002
-0.000494812
-0.000490892
-0.000488611
-0.000490706
-0.000489151
-0.000492801
-0.000499948
-0.000495842
-0.000495031
-0.000503311
-0.000503243
-0.0005025
-0.000505541
-0.000501892
-0.000500675
-0.000507806
-0.000508583
-0.000498732
-0.000497329
-0.000496856
-0.000497228
-0.000499746
-0.000504477
-0.000510695
-0.000510137
-0.000512131
-0.000508279
-0.0005074
-0.000506775
-0.000504105
-0.000501773
-0.000500945
-0.000499121
-0.000506978
-0.000518451
-0.000519093
-0.000513331
-0.000510746
-0.000512604
-0.000509022
-0.000510712
-0.000512892
-0.000518991
-0.000530329
-0.000532627
-0.000530532
-0.000522388
-0.000516609
-0.000514919
-0.000517048
-0.000517572
-0.000518974
-0.000523587
-0.000520005
-0.000522134
-0.00052406
-0.000527997
-0.000526105
-0.000524213
-0.000530397
-0.000530346
-0.000524297
-0.000522962
-0.00052602
-0.000523503
-0.000521239
-0.000515156
-0.000515156
-0.000523604
-0.000520174
-0.000520225
-0.000521137
-0.00052504
-0.00052308
-0.000526088
-0.000531799
-0.00053381
-0.000528707
-0.0005221
-0.000527491
-0.000531123
-0.000532813
-0.000531275
-0.000523097
-0.000525852
-0.000528623
-0.000524973
-0.000534317
-0.00054165
-0.00054334
-0.000535398
-0.000531478
-0.000529586
-0.000524398
-0.000522354
-0.000523165
-0.000524094
-0.0005294
-0.000527338
-0.000538507
-0.000540687
-0.000548612
-0.000555286
-0.000549879
-0.000547716
-0.000536345
-0.000533033
-0.000534875
-0.000536868
-0.000531073
-0.000535381
-0.000538947
-0.000538372
-0.000545131
-0.000543323
-0.000537173
-0.000544066
-0.000547682
-0.000539673
-0.000536243
-0.000545486
-0.000543779
-0.000542444
-0.000544168
-0.000547699
-0.000550369
-0.000543408
-0.000543424
-0.000549626
-0.000552177
-0.000552464
-0.000561166
-0.000574549
-0.000576695
-0.00056343
-0.000552583
-0.000542884
-0.000539606
-0.000542951
-0.000549338
-0.000549828
-0.000550403
-0.00055461
-0.000558007
-0.000552937
-0.000548612
-0.000544134
-0.000543137
-0.0005502
-0.000554847
-0.000550504
-0.000555962
-0.00055897
-0.000566202
-0.000563768
-0.000561301
-0.000562349
-0.000563853
-0.000563954
-0.000563346
-0.000556368
-0.000566066
-0.000570544
-0.000571119
-0.000573771
-0.000565526
-0.000566827
-0.000576424
-0.000584231
-0.000576745
-0.000572285
-0.000568432
-0.000571
-0.000572403
-0.00056632
-0.000559713
-0.000556925
-0.000556317
-0.000567097
-0.00057198
-0.000578317
-0.000589688
-0.000581443
-0.00057416
-0.000568685
-0.000579195
-0.000587863
-0.000587661
-0.000585245
-0.000585903
-0.000584095
-0.000580327
-0.00058075
-0.000577218
-0.000567841
-0.000580192
-0.000583994
-0.000580868
-0.000578705
-0.000583707
-0.000580598
-0.000584281
-0.000585109
-0.000581088
-0.000577725
-0.000575326
-0.000573991
-0.000583842
-0.000585498
-0.000584028
-0.000580716
-0.000586191
-0.000585211
-0.000582017
-0.000576272
-0.000575377
-0.00057781
-0.000582625
-0.000586089
-0.000585633
-0.000584991
-0.000585278
-0.000587982
-0.000588708
-0.000581798
-0.000580496
-0.000581358
-0.000585278
-0.000578013
-0.000575748
-0.000574312
-0.000575529
-0.000570629
-0.000562738
-0.000564478
-0.000560203
-0.000560321
-0.000561521
-0.000558699
-0.0005612
-0.000557483
-0.000550454
-0.000542039
-0.000539673
-0.000544506
-0.00054138
-0.000527828
-0.000520275
-0.000512233
-0.000511067
-0.000513956
-0.000512655
-0.000515595
-0.000508566
-0.000508549
-0.000502466
-0.000498614
-0.000501385
-0.000504173
-0.000496856
-0.000488104
-0.000481142
-0.000474468
-0.0004634
-0.000463096
-0.000464955
-0.000458618
-0.000455898
-0.000468013
-0.000474147
-0.000469213
-0.000464346
-0.000473589
-0.000491044
-0.000498394
-0.000499087
-0.000484657
-0.000470345
-0.00047489
-0.000480906
-0.00048736
-0.000486988
-0.000491922
-0.000484048
-0.000480584
-0.000481446
-0.00047391
-0.000468926
-0.000475177
-0.000475329
-0.000481108
-0.00048464
-0.000488239
-0.000491196
-0.000499678
-0.000503379
-0.000502466
-0.000505541
-0.00050811
-0.000509546
-0.000512756
-0.000515527
-0.000519583
-0.000524483
-0.000527592
-0.000532188
-0.000526037
-0.000528234
-0.000526342
-0.000528048
-0.00052842
-0.000538271
-0.000537054
-0.0005404
-0.000548257
-0.000547328
-0.000546162
-0.000555286
-0.000564174
-0.000572994
-0.000570206
-0.000567807
-0.000572132
-0.000578097
-0.00058048
-0.000580496
-0.000579111
-0.000579246
-0.000578976
-0.000576576
-0.000574481
-0.000573839
-0.000580023
-0.000587695
-0.000580412
-0.000576627
-0.000580446
-0.000579195
-0.00058347
-0.000586731
-0.000590094
-0.000590516
-0.000596853
-0.000596667
-0.000597258
-0.00061059
-0.000609272
-0.000600334
-0.000601145
-0.0005991
-0.000600756
-0.00060008
-0.000607565
-0.000606264
-0.000601314
-0.000599911
-0.00060204
-0.000605251
-0.000598813
-0.000598813
-0.000591767
-0.00059153
-0.000597241
-0.000596329
-0.000591716
-0.000587475
-0.000586968
-0.000586022
-0.000587711
-0.000587813
-0.000584653
-0.000579128
-0.000573619
-0.00056948
-0.000567959
-0.000568314
-0.000570493
-0.000561454
-0.000558936
-0.00055799
-0.000552515
-0.000553377
-0.00055287
-0.000560896
-0.000570612
-0.000566759
-0.000564833
-0.000563414
-0.000561673
-0.000558007
-0.000551991
-0.000548544
-0.000548341
-0.000555489
-0.000570899
-0.000574447
-0.000556841
-0.000552177
-0.000554255
-0.000557179
-0.000556908
-0.000559544
-0.000562704
-0.000573755
-0.000583132
-0.000587509
-0.000593946
-0.000593068
-0.00059447
-0.000595788
-0.000604186
-0.00060787
-0.000606906
-0.00061135
-0.00061255
-0.000616419
-0.000616656
-0.000615693
-0.00061184
-0.000612972
-0.000615541
-0.000621979
-0.00062083
-0.000623905
-0.000631965
-0.000638267
-0.000639315
-0.000635513
-0.000638487
-0.000642086
-0.000647172
-0.0006529
-0.000656212
-0.000655992
-0.000655992
-0.000660031
-0.00066319
-0.000664728
-0.000663495
-0.000662329
-0.000664491
-0.000669172
-0.000666654
-0.000671335
-0.00067076
-0.00067566
-0.000683534
-0.000680206
-0.000684869
-0.000686694
-0.000691763
-0.000689499
-0.000687775
-0.00068737
-0.00068007
-0.00068029
-0.000678094
-0.000679631
-0.000682875
-0.00068492
-0.000688063
-0.000698454
-0.000703321
-0.000702121
-0.000701242
-0.000701817
-0.000704672
-0.000701124
-0.000700685
-0.000703794
-0.000706328
-0.00070888
-0.000705044
-0.000701259
-0.00070496
-0.000704605
-0.000709505
-0.000710198
-0.000710316
-0.00071209
-0.000709421
-0.000709995
-0.000718629
-0.000728632
-0.000726841
-0.00072696
-0.00072091
-0.0007226
-0.000724189
-0.000722685
-0.000719339
-0.000720606
-0.00071917
-0.000711398
-0.000712496
-0.000712428
-0.000711212
-0.000715368
-0.000716061
-0.000715774
-0.000712225
-0.000710789
-0.000706007
-0.000713341
-0.000717818
-0.000712868
-0.000712969
-0.000716382
-0.000712851
-0.000718596
-0.000727754
-0.000734749
-0.000736405
-0.000732671
-0.000729038
-0.000724729
-0.000730542
-0.000734344
-0.000735188
-0.000725557
-0.00072723
-0.000736608
-0.000731235
-0.000727027
-0.000724662
-0.000723817
-0.000720505
-0.000720623
-0.000721671
-0.000726436
-0.000725929
-0.000726605
-0.000733448
-0.000735476
-0.000734648
-0.000726503
-0.000727838
-0.000731184
-0.000730778
-0.000733955
-0.000737672
-0.000740815
-0.000739869
-0.000739007
-0.000740021
-0.00073992
-0.000736625
-0.000734039
-0.00073262
-0.000729798
-0.000734648
-0.000734479
-0.000726875
-0.00072946
-0.000733364
-0.000731336
-0.000729224
-0.000735307
-0.000735847
-0.000733279
-0.000741035
-0.000742201
-0.000737672
-0.000735864
-0.000735121
-0.000733972
-0.000732231
-0.000733465
-0.000738467
-0.000747202
-0.000757003
-0.000767563
-0.000760602
-0.000756276
-0.000744076
-0.000733043
-0.000730576
-0.000736574
-0.000740224
-0.000738213
-0.000737199
-0.000733448
-0.000735678
-0.000735408
-0.000742995
-0.000746003
-0.000742978
-0.000743046
-0.000747946
-0.000749973
-0.000743992
-0.000745614
-0.000749196
-0.000751595
-0.000748858
-0.0007519
-0.000751562
-0.000753792
-0.000756107
-0.000755532
-0.000758067
-0.000752406
-0.00075435
-0.000756327
-0.000755059
-0.000756969
-0.000754164
-0.000754975
-0.000758405
-0.000754096
-0.000750497
-0.000748385
-0.000749956
-0.000743333
-0.0007434
-0.000748841
-0.000752525
-0.000754265
-0.000759182
-0.000762308
-0.000756884
-0.000761159
-0.000765299
-0.000761548
-0.000764268
-0.000765029
-0.000763575
-0.000760872
-0.000759858
-0.000759892
-0.000763491
-0.000765282
-0.000768847
-0.000774221
-0.000769151
-0.000769625
-0.000765992
-0.000767867
-0.000772176
-0.000770199
-0.000766211
-0.000765164
-0.0007678
-0.000771297
-0.000771196
-0.00076954
-0.000765789
-0.000763035
-0.000766262
-0.000767952
-0.000767293
-0.000764893
-0.000766144
-0.000767817
-0.000767006
-0.000765654
-0.00076197
-0.000756901
-0.000759537
-0.000761277
-0.000760872
-0.000763508
-0.000762781
-0.000763001
-0.000764961
-0.000766211
-0.00076981
-0.000772903
-0.000772007
-0.000770672
-0.000774626
-0.000771703
-0.000759334
-0.000757763
-0.000767631
-0.00077537
-0.000768898
-0.00076268
-0.000759199
-0.000762038
-0.000757847
-0.000754857
-0.000755904
-0.000754603
-0.000755448
-0.000761277
-0.00076731
-0.00076687
-0.000769608
-0.000769743
-0.00076393
-0.000761852
-0.000759132
-0.000764843
-0.000762055
-0.000759993
-0.000754705
-0.000755347
-0.000758861
-0.000768121
-0.000767411
-0.000767901
-0.000766634
-0.000767124
-0.000766515
-0.000769557
-0.000764268
-0.000771737
-0.000777346
-0.000774795
-0.000771483
-0.00077025
-0.000762714
-0.000771686
-0.000763677
-0.000754755
-0.000751545
-0.000749044
-0.00074585
-0.000748267
-0.000748216
-0.000749838
-0.000750615
-0.000751055
-0.000753167
-0.000755178
-0.000750886
-0.000748115
-0.000747354
-0.000751579
-0.00075582
-0.000756479
-0.000754721
-0.000745377
-0.000736304
-0.000730407
-0.000728413
-0.000736405
-0.000735476
-0.000730829
-0.000728582
-0.000726318
-0.000722296
-0.000722431
-0.000726047
-0.000734344
-0.000739869
-0.000742741
-0.000743586
-0.00074433
-0.000746983
-0.000751258
-0.000756293
-0.000746459
-0.00074487
-0.000745225
-0.000741626
-0.000739582
-0.000738044
-0.000742302
-0.000739446
-0.000738196
-0.000745445
-0.000749568
-0.000746797
-0.000737436
-0.000741913
-0.00075146
-0.000747388
-0.000745377
-0.000752373
-0.000751781
-0.000745631
-0.000749703
-0.000743434
-0.000735746
-0.00074188
-0.000745056
-0.000746932
-0.000743299
-0.000737098
-0.00073899
-0.000739531
-0.000744296
-0.000745225
-0.000742099
-0.000735678
-0.000733313
-0.000733803
-0.000733026
-0.000738129
-0.000739632
-0.000741018
-0.000738145
-0.000743417
-0.000743316
-0.00074095
-0.000741086
-0.000746898
-0.000752542
-0.000750666
-0.000742623
-0.000739041
-0.000736118
-0.000734918
-0.000742387
-0.00075734
-0.000755127
-0.000744093
-0.000742049
-0.000744499
-0.000737419
-0.000739463
-0.00074634
-0.000742944
-0.000737115
-0.000741947
-0.000744178
-0.000750193
-0.000749686
-0.000746104
-0.0007409
-0.000745884
-0.000749703
-0.000750565
-0.000749551
-0.000746087
-0.00074874
-0.000745546
-0.000743738
-0.000744516
-0.000746138
-0.000752744
-0.00075413
-0.000752542
-0.00075239
-0.000749129
-0.000748571
-0.000748351
-0.000747878
-0.000748943
-0.000754367
-0.000759402
-0.000750903
-0.000751494
-0.000757729
-0.000761261
-0.000763254
-0.000762916
-0.000751258
-0.000746205
-0.000744245
-0.000741711
-0.000740917
-0.000733972
-0.000736743
-0.000738889
-0.000739092
-0.000739109
-0.000734192
-0.000731083
-0.000731522
-0.000739784
-0.000742454
-0.000741998
-0.000742437
-0.00074509
-0.000745648
-0.000742606
-0.000733093
-0.000733364
-0.000729376
-0.0007299
-0.000734039
-0.000739818
-0.000741592
-0.000742995
-0.000744735
-0.000746898
-0.000748723
-0.000748301
-0.000746712
-0.000743096
-0.000741998
-0.000742877
-0.000741052
-0.000741542
-0.000740106
-0.000737943
-0.000743924
-0.000749956
-0.000751038
-0.00075048
-0.000742961
-0.000743147
-0.000740579
-0.000745513
-0.000749754
-0.000751207
-0.000749078
-0.000747287
-0.000741981
-0.000736946
-0.000739193
-0.000739261
-0.000739244
-0.000745411
-0.000740528
-0.00074656
-0.000751258
-0.000752339
-0.000756394
-0.000756834
-0.000756428
-0.000752035
-0.000743198
-0.000740004
-0.000739582
-0.000734394
-0.000733144
-0.000733887
-0.000733921
-0.00073551
-0.00073627
-0.000738754
-0.000740764
-0.000741119
-0.0007397
-0.000739784
-0.00073801
-0.000738906
-0.000742843
-0.00074117
-0.000746915
-0.000747473
-0.000740646
-0.000740764
-0.000744854
-0.000742471
-0.000735949
-0.000739345
-0.000748301
-0.000741001
-0.000736574
-0.000738973
-0.000735425
-0.000743941
-0.00074286
-0.000740224
-0.000738568
-0.000736439
-0.000732806
-0.000726486
-0.000728176
-0.000729444
-0.000736287
-0.00073752
-0.000741542
-0.000739396
-0.000738213
-0.000733195
-0.000728092
-0.000726723
-0.000724155
-0.000722752
-0.000719356
-0.000719069
-0.000728784
-0.000739801
-0.000743519
-0.000738281
-0.000733127
-0.000730998
-0.000730119
-0.000732113
-0.000724476
-0.000723665
-0.000724476
-0.000723479
-0.000723141
-0.000724526
-0.000728463
-0.000730745
-0.000730576
-0.00072919
-0.00073654
-0.000735645
-0.000732282
-0.000728768
-0.000728683
-0.000724189
-0.000721215
-0.000720623
-0.000727669
-0.000727889
-0.000726639
-0.000726757
-0.000726132
-0.000733702
-0.000737284
-0.00073311
-0.000730812
-0.000722313
-0.000722651
-0.00072037
-0.000720539
-0.000730711
-0.00073186
-0.000730356
-0.000729646
-0.000724814
-0.000725878
-0.000733076
-0.000733837
-0.000736304
-0.000731336
-0.000717565
-0.000711093
-0.000710958
-0.000717362
-0.000720235
-0.000715672
-0.00071547
-0.000715199
-0.000714388
-0.000716906
-0.000720218
-0.000721367
-0.000720049
-0.000717801
-0.000717497
-0.00071699
-0.00072184
-0.000724645
-0.000726064
-0.000725878
-0.000720556
-0.000719508
-0.00072407
-0.000730373
-0.000731775
-0.000728666
-0.00072353
-0.000723479
-0.000725101
-0.000723834
-0.000725287
-0.000726537
-0.000728565
-0.000728092
-0.000726723
-0.000733668
-0.00073823
-0.000740241
-0.000736743
-0.000737537
-0.000734259
-0.000732722
-0.000733431
-0.000733347
-0.00073725
-0.000741339
-0.000738956
-0.000741288
-0.000743147
-0.00073948
-0.000741288
-0.000744533
-0.000742437
-0.000742218
-0.000742589
-0.000744414
-0.000740055
-0.000733533
-0.000735594
-0.000738551
-0.000738061
-0.000737368
-0.000737453
-0.000736946
-0.000737639
-0.000736287
-0.000736642
-0.000741018
-0.00074705
-0.00073894
-0.000733972
-0.000730609
-0.000736794
-0.00073382
-0.000735391
-0.000734208
-0.000730508
-0.000724172
-0.000729038
-0.000735949
-0.000736625
-0.000731657
-0.000729494
-0.000729832
-0.000729122
-0.000728007
-0.000727382
-0.000729596
-0.000728396
-0.000727973
-0.000727855
-0.000726115
-0.000723614
-0.000726672
-0.000727112
-0.0007287
-0.000727314
-0.000727838
-0.000726318
-0.000730255
-0.000727078
-0.000726453
-0.000723124
-0.000721924
-0.000726892
-0.000733566
-0.00073142
-0.000727771
-0.000726909
-0.000729646
-0.000731336
-0.000728582
-0.000731353
-0.00073333
-0.000731657
-0.000729224
-0.000726791
-0.000724357
-0.000720606
-0.000718984
-0.000723597
-0.000724645
-0.000722296
-0.000721755
-0.000719052
-0.000722617
-0.000723563
-0.000721012
-0.000722347
-0.000727737
-0.000731809
-0.000731623
-0.00072794
-0.000734175
-0.000735408
-0.000734192
-0.000731302
-0.000733972
-0.000732823
-0.00072772
-0.000725033
-0.000728092
-0.000729714
-0.000718477
-0.000714017
-0.000716754
-0.000717396
-0.000718629
-0.000713341
-0.000710333
-0.000714185
-0.000715368
-0.000722431
-0.000725726
-0.000723445
-0.000725388
-0.000725743
-0.000726757
-0.000724797
-0.000720404
-0.000715216
-0.000711161
-0.000709944
-0.000709421
-0.000707156
-0.000710417
-0.000720843
-0.000726013
-0.00072451
-0.0007238
-0.000721738
-0.000719221
-0.000716872
-0.000714659
-0.000714101
-0.00071062
-0.000712648
-0.000708914
-0.000707697
-0.000710164
-0.00070594
-0.000701749
-0.000699603
-0.000695987
-0.000704656
-0.000707089
-0.00071231
-0.000712445
-0.000706311
-0.000700735
-0.000699755
-0.000699603
-0.000701631
-0.000702628
-0.000700651
-0.00070153
-0.000701141
-0.000711431
-0.000718511
-0.000713273
-0.00071106
-0.000708998
-0.000703067
-0.000703997
-0.000704605
-0.000704723
-0.000704385
-0.000695024
-0.00069859
-0.00070256
-0.000706328
-0.000703067
-0.000700567
-0.000703591
-0.000699688
-0.000696528
-0.000695075
-0.000692929
-0.000700093
-0.00070256
-0.00069761
-0.000693419
-0.000693926
-0.00070006
-0.000699519
-0.000701023
-0.000700178
-0.000697441
-0.000695599
-0.000692845
-0.000694416
-0.000697356
-0.000695616
-0.0006908
-0.000695176
-0.000695041
-0.000696511
-0.000701851
-0.000702746
-0.000709285
-0.000706818
-0.000705568
-0.00070643
-0.000702476
-0.000706869
-0.000713966
-0.000713611
-0.000704453
-0.000707207
-0.000705737
-0.000705602
-0.000707106
-0.00070256
-0.000697846
-0.000697322
-0.000692912
-0.000689195
-0.000692118
-0.000687505
-0.000688401
-0.000692439
-0.000701732
-0.000703338
-0.000699232
-0.000701732
-0.000701209
-0.000696173
-0.000704318
-0.000711026
-0.000717007
-0.000722651
-0.000716027
-0.000699485
-0.000692034
-0.000690226
-0.000694534
-0.000690141
-0.000681219
-0.000674376
-0.00066782
-0.000661433
-0.00066319
-0.000666299
-0.000660926
-0.000656246
-0.00065219
-0.000645837
-0.000644333
-0.000639653
-0.000637169
-0.000636121
-0.000640582
-0.000647527
-0.000644012
-0.00063825
-0.000636273
-0.000631407
-0.000628704
-0.000630512
-0.000628366
-0.000632032
-0.000633232
-0.000634989
-0.000637051
-0.000640633
-0.000645753
-0.000651227
-0.000645296
-0.000640886
-0.00063477
-0.000636257
-0.000642559
-0.000643995
-0.000645009
-0.000640548
-0.000643674
-0.000643962
-0.000644468
-0.000637456
-0.00064016
-0.000635952
-0.000633925
-0.000635006
-0.000638335
-0.000635614
-0.00064217
-0.000646496
-0.000645263
-0.000644485
-0.000642525
-0.000644283
-0.000648287
-0.0006492
-0.000650687
-0.000655604
-0.000655316
-0.000654184
-0.000650213
-0.000650636
-0.00065268
-0.000661095
-0.00065976
-0.000660301
-0.000662835
-0.000664069
-0.000659372
-0.000658949
-0.000656144
-0.000654235
-0.000652748
-0.000645989
-0.000645465
-0.000645009
-0.000643066
-0.000641697
-0.000644722
-0.000653711
-0.000649943
-0.000636172
-0.000639028
-0.000635851
-0.000640177
-0.000641376
-0.000637963
-0.000632421
-0.000631694
-0.000631238
-0.000627521
-0.000630309
-0.000631407
-0.000636071
-0.000639805
-0.000640346
-0.000643759
-0.000640498
-0.000643235
-0.000642846
-0.000646293
-0.000644333
-0.00064168
-0.000637253
-0.000633637
-0.000635006
-0.000634837
-0.000633435
-0.000629413
-0.000628366
-0.000634972
-0.000632725
-0.000625105
-0.00062061
-0.000622148
-0.000622654
-0.000620593
-0.000622469
-0.000620373
-0.000624479
-0.000627943
-0.000627487
-0.000627791
-0.000624108
-0.000623753
-0.00062377
-0.000624361
-0.000624902
-0.00061936
-0.000620661
-0.000625172
-0.000623753
-0.00062622
-0.00062475
-0.000626
-0.000625341
-0.000622638
-0.000628653
-0.000632894
-0.000625831
-0.000618836
-0.000616876
-0.00062208
-0.000625155
-0.000625645
-0.000631323
-0.000637237
-0.000647155
-0.000648338
-0.000636561
-0.000632573
-0.000628332
-0.000618498
-0.000610337
-0.000607937
-0.000605251
-0.000606636
-0.000608951
-0.000607971
-0.00060591
-0.000610168
-0.000615473
-0.000613446
-0.000607092
-0.000612871
-0.000614426
-0.000606653
-0.00060912
-0.000616622
-0.000616926
-0.000617991
-0.000625105
-0.000619545
-0.000621472
-0.000614865
-0.000618886
-0.000623702
-0.00062208
-0.000624969
-0.000631035
-0.000629954
-0.000620171
-0.000610539
-0.000607937
-0.000605335
-0.00060373
-0.000605014
-0.000599438
-0.000605926
-0.000609137
-0.000608461
-0.000604693
-0.00060885
-0.000614054
-0.000612837
-0.000615389
-0.000618548
-0.000615896
-0.000613513
-0.000621337
-0.000620356
-0.000624851
-0.000628568
-0.000618616
-0.000605707
-0.000601077
-0.000604456
-0.00060765
-0.000605453
-0.000612888
-0.000621843
-0.000630055
-0.000631525
-0.000625223
-0.000616724
-0.000619241
-0.000622773
-0.000625105
-0.000623077
-0.000624108
-0.00062257
-0.000617045
-0.000614848
-0.000617062
-0.000619343
-0.00062355
-0.000625611
-0.000628653
-0.000631711
-0.000630072
-0.000624074
-0.000623939
-0.000630275
-0.000629126
-0.000629396
-0.000634144
-0.000629937
-0.000628112
-0.000634111
-0.000630528
-0.000627909
-0.000634111
-0.000637186
-0.000632793
-0.000635919
-0.000648439
-0.000645786
-0.000650247
-0.000646919
-0.000649825
-0.000644705
-0.000636459
-0.000638386
-0.000635293
-0.000632691
-0.000632877
-0.000639146
-0.000639095
-0.00063869
-0.000637625
-0.000632117
-0.000634026
-0.000632928
-0.000630123
-0.000628501
-0.000628298
-0.000620711
-0.000620779
-0.000627031
-0.000620982
-0.00061451
-0.000614324
-0.000616605
-0.000615034
-0.000612145
-0.000609542
-0.000610742
-0.000616166
-0.000626304
-0.000629785
-0.000629667
-0.000627284
-0.000627774
-0.00062404
-0.000613598
-0.000608748
-0.000606383
-0.000601432
-0.000603882
-0.000610168
-0.000614307
-0.000615389
-0.000614561
-0.000609272
-0.000603814
-0.000604913
-0.000607413
-0.000605301
-0.000606687
-0.00060836
-0.000608157
-0.000607582
-0.00060351
-0.000606771
-0.000604135
-0.000604152
-0.000602817
-0.000598999
-0.00059567
-0.000601719
-0.000601871
-0.000600992
-0.000603713
-0.000598863
-0.000590516
-0.000591834
-0.000591513
-0.000591074
-0.000598711
-0.000600688
-0.000587796
-0.000580784
-0.000581578
-0.000586833
-0.000582507
-0.000579635
-0.000575191
-0.000578198
-0.000578857
-0.000579973
-0.000577979
-0.000580513
-0.000584501
-0.000589553
-0.00058984
-0.000579787
-0.000576543
-0.000575529
-0.000580919
-0.000584974
-0.000581172
-0.000585397
-0.000581037
-0.000578908
-0.00058124
-0.000573011
-0.000571794
-0.000573957
-0.000568145
-0.000567874
-0.000564309
-0.000559409
-0.000568195
-0.000573045
-0.000566151
-0.000561521
-0.000569581
-0.00057171
-0.000570713
-0.000568804
-0.000563262
-0.000569412
-0.000572639
-0.000569142
-0.000565407
-0.000563954
-0.000568179
-0.000581798
-0.000590516
-0.00058298
-0.000571524
-0.000572369
-0.000569801
-0.00056441
-0.000559105
-0.000561825
-0.000566641
-0.000577793
-0.000570527
-0.000558784
-0.000555962
-0.0005453
-0.000545486
-0.000549642
-0.00055532
-0.000556165
-0.000563904
-0.000559443
-0.000568854
-0.000575816
-0.000574532
-0.000565154
-0.000560321
-0.000562197
-0.000558987
-0.000558665
-0.000562788
-0.000558547
-0.000558733
-0.000560997
-0.000563211
-0.000558682
-0.000557753
-0.000571879
-0.000580243
-0.00057318
-0.000553917
-0.000540146
-0.000541177
-0.000552211
-0.000552566
-0.000544371
-0.00054089
-0.000557669
-0.000566235
-0.000546719
-0.000536784
-0.000541498
-0.000554678
-0.000555996
-0.000560406
-0.000555827
-0.000564394
-0.000557618
-0.000540924
-0.000524246
-0.000530127
-0.000540501
-0.000532205
-0.000520444
-0.000522911
-0.000524703
-0.000536057
-0.000541042
-0.000538896
-0.000535703
-0.000531749
-0.000536057
-0.00054312
-0.000534959
-0.000541971
-0.000553546
-0.000547395
-0.000545756
-0.00054628
-0.000547699
-0.000553411
-0.00054432
-0.000541228
-0.000542833
-0.000545537
-0.000549136
-0.000552008
-0.000547885
-0.000543323
-0.00054361
-0.0005416
-0.000545182
-0.000549778
-0.00055047
-0.000547513
-0.000542157
-0.000529282
-0.000522388
-0.000529873
-0.000542394
-0.000549811
-0.000544489
-0.000538186
-0.000542782
-0.000564579
-0.000564208
-0.000557297
-0.000545908
-0.000538761
-0.000544337
-0.000543391
-0.000542106
-0.000539977
-0.000533742
-0.000532779
-0.000539302
-0.000544641
-0.00054187
-0.000536294
-0.000535855
-0.000532931
-0.000538271
-0.0005416
-0.000544354
-0.000551045
-0.000548223
-0.0005355
-0.000539876
-0.000549102
-0.000545993
-0.0005343
-0.000525463
-0.000530938
-0.000529569
-0.000519836
-0.00052085
-0.000531698
-0.000537933
-0.000537865
-0.000535196
-0.000541836
-0.000533607
-0.000528471
-0.000527862
-0.000537257
-0.000563211
-0.000557956
-0.000535314
-0.000513939
-0.00050669
-0.000512537
-0.00052303
-0.000535871
-0.000532762
-0.000528031
-0.000522455
-0.000521492
-0.000518839
-0.000512959
-0.000515156
-0.000508752
-0.000504595
-0.000509123
-0.000519549
-0.000512824
-0.000513821
-0.000504308
-0.000504206
-0.000508448
-0.000514345
-0.000519971
-0.000522151
-0.000527659
-0.000545655
-0.000547615
-0.000540096
-0.000525649
-0.000509935
-0.000508802
-0.00051693
-0.000528369
-0.000529248
-0.000529214
-0.000529535
-0.000522016
-0.000546888
-0.000542647
-0.000543745
-0.000541262
-0.000535246
-0.000533404
-0.000533776
-0.000536936
-0.000535719
-0.000527778
-0.000524855
-0.000534706
-0.000542884
-0.000540129
-0.000544269
-0.000543931
-0.000538795
-0.000549305
-0.000552921
-0.000549372
-0.000545672
-0.000549845
-0.000540974
-0.000526122
-0.000521104
-0.00052232
-0.00051938
-0.000522928
-0.000525378
-0.000528656
-0.000533709
-0.000533252
-0.000526139
-0.000521746
-0.000523976
-0.000531275
-0.000536632
-0.000544641
-0.000541515
-0.000532323
-0.000538778
-0.000533354
-0.000525311
-0.000532543
-0.000536277
-0.000532627
-0.000541633
-0.000549423
-0.000541025
-0.000536209
-0.000538626
-0.000537223
-0.00053697
-0.000539606
-0.000542698
-0.000559291
-0.000565661
-0.000549271
-0.000535077
-0.000529839
-0.000531428
-0.000525074
-0.000541819
-0.000551129
-0.000523604
-0.000521864
-0.000521813
-0.000518197
-0.000525159
-0.000528319
-0.000538153
-0.000538288
-0.000532171
-0.000530583
-0.000531326
-0.000533202
-0.000530988
-0.000520884
-0.000531799
-0.000546449
-0.000551772
-0.000545689
-0.000546973
-0.000533557
-0.000529332
-0.000537291
-0.000539656
-0.000538153
-0.000544117
-0.000536767
-0.000537291
-0.000532999
-0.000536243
-0.000540197
-0.000535584
-0.000530515
-0.000532577
-0.000533692
-0.000554644
-0.000562366
-0.000569767
-0.000552701
-0.000538271
-0.000523249
-0.000514598
-0.000533945
-0.000544878
-0.000539724
-0.00054214
-0.000538372
-0.000542174
-0.000536666
-0.000539741
-0.000535077
-0.000529299
-0.000522793
-0.000517859
-0.000524922
-0.000524719
-0.000528166
-0.000534486
-0.000542309
-0.000549102
-0.000566776
-0.000563566
-0.00054748
-0.00054606
-0.000544861
-0.000543239
-0.000538017
-0.000531377
-0.000528369
-0.000527017
-0.000535787
-0.000537274
-0.000550487
-0.000559341
-0.000561977
-0.000555742
-0.000546922
-0.00054018
-0.000533472
-0.000535686
-0.000540079
-0.000552768
-0.000555827
-0.000550133
-0.000543745
-0.000542546
-0.000547716
-0.000545266
-0.000548308
-0.00054846
-0.000548865
-0.000557348
-0.000551721
-0.000556165
-0.000555168
-0.000554914
-0.000564968
-0.000560254
-0.000559105
-0.000559544
-0.000553833
-0.000550386
-0.000554678
-0.000549811
-0.000548156
-0.000545182
-0.000540484
-0.000541414
-0.000543762
-0.000549524
-0.000547885
-0.000548781
-0.000555185
-0.000565999
-0.00057443
-0.000576914
-0.00056485
-0.000558243
-0.000552583
-0.000557195
-0.000557956
-0.000567435
-0.00056997
-0.00056093
-0.000556841
-0.000551434
-0.000542799
-0.0005416
-0.000546196
-0.000556807
-0.000562771
-0.000570122
-0.000569243
-0.000572285
-0.000573619
-0.000560845
-0.000559426
-0.00057144
-0.000577928
-0.000571406
-0.000563802
-0.0005624
-0.000571237
-0.000578401
-0.000579449
-0.000572673
-0.000574414
-0.000589046
-0.000579888
-0.00056703
-0.000565424
-0.000569057
-0.000574819
-0.000578317
-0.000580378
-0.000576272
-0.000563954
-0.000565813
-0.000576965
-0.000588032
-0.000581527
-0.000580074
-0.000591192
-0.000589198
-0.000583943
-0.000589486
-0.000595349
-0.000592223
-0.000591885
-0.000587221
-0.0005795
-0.000583132
-0.000571963
-0.000568128
-0.000571676
-0.000579516
-0.00057492
-0.000576779
-0.000577168
-0.000577641
-0.000581105
-0.000584281
-0.000597444
-0.000611283
-0.000614189
-0.000602598
-0.000586275
-0.000584112
-0.000593524
-0.000595822
-0.000593203
-0.000590939
-0.000593625
-0.00060133
-0.000596988
-0.000593423
-0.000598019
-0.000597495
-0.000595653
-0.000593845
-0.000595467
-0.000599759
-0.000609357
-0.000608022
-0.000609897
-0.000607194
-0.000614459
-0.000631593
-0.000637068
-0.000627453
-0.000619883
-0.000607903
-0.000602395
-0.000604254
-0.000601432
-0.000608444
-0.000619545
-0.000624175
-0.000623043
-0.000630748
-0.000625341
-0.000619664
-0.000607261
-0.000600148
-0.000601601
-0.000618819
-0.000631407
-0.000630613
-0.000617045
-0.000619191
-0.0006248
-0.000619917
-0.000615406
-0.000605825
-0.000600266
-0.000602412
-0.000613108
-0.00061375
-0.000621015
-0.000625071
-0.000629785
-0.000627977
-0.000627622
-0.000634837
-0.000636831
-0.000638707
-0.000642154
-0.000638115
-0.000630393
-0.000631069
-0.000628957
-0.000630664
-0.000628839
-0.000624868
-0.0006199
-0.00062502
-0.000631728
-0.000645009
-0.000643505
-0.0006382
-0.000632843
-0.000630309
-0.000632083
-0.000630883
-0.000634702
-0.000631914
-0.00062823
-0.000632556
-0.000628687
-0.000629836
-0.000626101
-0.00062649
-0.00062524
-0.000626287
-0.000640903
-0.000648101
-0.000647037
-0.000631559
-0.000626845
-0.00062649
-0.000629802
-0.000628078
-0.000626929
-0.000637422
-0.000645347
-0.000646986
-0.000646107
-0.00064849
-0.000645195
-0.000645516
-0.000650467
-0.000654911
-0.000638842
-0.000630613
-0.000636206
-0.000652951
-0.000650129
-0.000655806
-0.000660402
-0.000658273
-0.000654708
-0.000653052
-0.00064876
-0.000649183
-0.000649943
-0.000657935
-0.000667769
-0.000668513
-0.000662295
-0.000664153
-0.000659794
-0.000656364
-0.000659169
-0.000650197
-0.000652664
-0.000664137
-0.000672923
-0.000673971
-0.000681524
-0.000679885
-0.000684058
-0.000683822
-0.000677925
-0.000667922
-0.000673616
-0.000678685
-0.000670743
-0.000662024
-0.000669442
-0.000668918
-0.000667634
-0.000667668
-0.000669966
-0.000666418
-0.000667634
-0.000671267
-0.000677603
-0.00067762
-0.000682402
-0.000686136
-0.000689178
-0.000685731
-0.000680865
-0.00068247
-0.000683771
-0.000689752
-0.000685714
-0.000683501
-0.000674613
-0.000670473
-0.000666536
-0.000663951
-0.000665843
-0.000668513
-0.000676708
-0.000682098
-0.000679834
-0.000680611
-0.000677789
-0.000676725
-0.000686035
-0.000684683
-0.000682453
-0.000681997
-0.000682909
-0.000684126
-0.000684582
-0.000683129
-0.00068198
-0.000680408
-0.000679733
-0.000687252
-0.00068318
-0.000682098
-0.000685596
-0.000686795
-0.000688097
-0.000688401
-0.000689195
-0.000702645
-0.000703794
-0.000690411
-0.000682402
-0.000676015
-0.00067316
-0.000674123
-0.000683619
-0.000689262
-0.000687792
-0.000684193
-0.000677029
-0.000682825
-0.000685562
-0.000695497
-0.000703152
-0.000697897
-0.000693284
-0.000701225
-0.000704774
-0.000703929
-0.000702374
-0.000702527
-0.000700229
-0.000691172
-0.000694467
-0.000699874
-0.000698708
-0.000697288
-0.000696393
-0.000693791
-0.000690209
-0.00068759
-0.000685072
-0.000684227
-0.000691442
-0.000698353
-0.000692507
-0.000686559
-0.000690665
-0.000689803
-0.000688282
-0.000693115
-0.000690023
-0.000693216
-0.000707089
-0.00070741
-0.000701834
-0.000696241
-0.000702679
-0.00069521
-0.000688333
-0.000685106
-0.000688891
-0.000689296
-0.000696258
-0.000710063
-0.000713256
-0.000706768
-0.000707663
-0.000699536
-0.000694754
-0.000704081
-0.000703067
-0.00070501
-0.000704554
-0.000701935
-0.000704689
-0.000700634
-0.000696714
-0.000697897
-0.00070523
-0.000708322
-0.000712124
-0.000713594
-0.000713391
-0.000711347
-0.000718224
-0.000735273
-0.00072897
-0.00071552
-0.000713307
-0.000711685
-0.000712378
-0.000713949
-0.00071797
-0.000715503
-0.000718444
-0.000723208
-0.0007116
-0.000705146
-0.000703861
-0.000694365
-0.000699401
-0.000703253
-0.000709015
-0.000708272
-0.000721384
-0.000725997
-0.000727788
-0.000737537
-0.000725726
-0.000711904
-0.00070398
-0.000705821
-0.000701107
-0.000703304
-0.000708998
-0.00070839
-0.000704909
-0.000704368
-0.000708643
-0.000715402
-0.000713239
-0.000710654
-0.000710739
-0.000707089
-0.000706717
-0.000708187
-0.000706835
-0.00072843
-0.000727162
-0.000715098
-0.000711533
-0.000719508
-0.000711752
-0.000705602
-0.000703963
-0.000710046
-0.000715013
-0.000724915
-0.00072282
-0.000714625
-0.000712411
-0.000714321
-0.000712631
-0.000713814
-0.000713374
-0.000714574
-0.000714405
-0.000712817
-0.000711735
-0.000714861
-0.000719119
-0.000724459
-0.000728278
-0.000726301
-0.00072478
-0.000729967
-0.000735746
-0.000728666
-0.000721333
-0.000719153
-0.00072255
-0.000720674
-0.000725963
-0.000724915
-0.000717463
-0.000712918
-0.000714912
-0.00072331
-0.000734023
-0.000736067
-0.000725878
-0.000716112
-0.000712715
-0.000709218
-0.000707815
-0.000708846
-0.000706362
-0.00070033
-0.000710164
-0.00072456
-0.000729359
-0.000730288
-0.00072505
-0.000720268
-0.000708221
-0.00070251
-0.000713408
-0.000714811
-0.000701834
-0.000696444
-0.000702898
-0.00070523
-0.00071008
-0.000708255
-0.000701597
-0.000697711
-0.000697559
-0.00070229
-0.000700178
-0.000704639
-0.000715047
-0.00071672
-0.00070545
-0.000709556
-0.000716821
-0.000724966
-0.000719778
-0.000710147
-0.000702966
-0.000708103
-0.000710772
-0.000709539
-0.000713864
-0.000716061
-0.00071378
-0.000702341
-0.000702408
-0.000711262
-0.00071133
-0.000708119
-0.000704014
-0.0007116
-0.000716771
-0.000715757
-0.000717599
-0.000718629
-0.000718798
-0.000720032
-0.000732722
-0.000733617
-0.000723715
-0.000713205
-0.00071672
-0.000715149
-0.000706666
-0.000701259
-0.000699063
-0.000704149
-0.000703794
-0.000700719
-0.00069494
-0.000703659
-0.000705686
-0.000699198
-0.000704115
-0.000705855
-0.000711245
-0.000714067
-0.000713543
-0.00070844
-0.000703625
-0.000703067
-0.0007067
-0.000712056
-0.000717463
-0.000721299
-0.000711803
-0.000706126
-0.000706751
-0.000704808
-0.000702814
-0.000710401
-0.000720505
-0.00071454
-0.0007055
-0.000695261
-0.000692591
-0.000700043
-0.000704115
-0.000702425
-0.000698826
-0.000692152
-0.000693385
-0.0007018
-0.000711127
-0.000708238
-0.000715588
-0.000714405
-0.000707038
-0.000716365
-0.000716754
-0.000714101
-0.000711533
-0.000704385
-0.000707832
-0.00070104
-0.000697745
-0.000698657
-0.000694889
-0.000696342
-0.000696376
-0.000692625
-0.000694129
-0.000701563
-0.000702797
-0.000708931
-0.00071035
-0.000716162
-0.00071133
-0.000702645
-0.000696984
-0.000707663
-0.00071623
-0.000723006
-0.000721181
-0.00071209
-0.000701462
-0.00069913
-0.000694061
-0.000693453
-0.000689313
-0.000686069
-0.000689246
-0.00069614
-0.000699705
-0.000708204
-0.00071084
-0.000701293
-0.000705331
-0.000710502
-0.000716264
-0.000715182
-0.000718731
-0.00071596
-0.000710789
-0.000715841
-0.000699654
-0.000696663
-0.000701732
-0.00070202
-0.000701631
-0.000706396
-0.000702442
-0.000697474
-0.000702679
-0.000699671
-0.000692338
-0.000692034
-0.000693385
-0.000702881
-0.000697694
-0.000695041
-0.000695041
-0.000698116
-0.000708069
-0.000702831
-0.000697272
-0.0006957
-0.000698978
-0.000700245
-0.000725219
-0.000725929
-0.000732874
-0.000731539
-0.000730018
-0.000719373
-0.000709927
-0.00070033
-0.000695362
-0.000701918
-0.000698167
-0.00070305
-0.000705196
-0.000709049
-0.000712394
-0.000713374
-0.000704774
-0.000703388
-0.000712056
-0.000710941
-0.000710975
-0.000713814
-0.000718545
-0.000722955
-0.000721367
-0.000712192
-0.000706954
-0.000696883
-0.000695751
-0.000696376
-0.000695041
-0.000688164
-0.000684683
-0.000688772
-0.000691172
-0.000694906
-0.000697829
-0.000696494
-0.000702307
-0.000706582
-0.000707139
-0.000711735
-0.000710215
-0.000711566
-0.000710401
-0.000713391
-0.000715672
-0.000708339
-0.000704791
-0.000709488
-0.000703557
-0.000698505
-0.000694551
-0.000695379
-0.000693233
-0.000696731
-0.000697643
-0.000693977
-0.000688063
-0.000684971
-0.000690749
-0.000689026
-0.000696917
-0.000704233
-0.000704216
-0.000702628
-0.000700786
-0.000689651
-0.000684565
-0.000683534
-0.000686136
-0.000686407
-0.000682284
-0.000684176
-0.000685224
-0.000678752
-0.000694619
-0.000711381
-0.000702712
-0.000703777
-0.00069908
-0.000689431
-0.000685984
-0.000685427
-0.000685934
-0.000685731
-0.000690631
-0.000692608
-0.000692878
-0.000685782
-0.000689583
-0.000695717
-0.000699418
-0.000686931
-0.000686086
-0.000684312
-0.000684987
-0.000691712
-0.000700262
-0.000699975
-0.000691256
-0.000691831
-0.000694095
-0.000697998
-0.000700617
-0.000701259
-0.000703726
-0.000701411
-0.000691273
-0.000684041
-0.000687421
-0.000692997
-0.000693656
-0.000680898
-0.000680713
-0.000673768
-0.000673024
-0.000675356
-0.000673244
-0.000680307
-0.000679327
-0.000673362
-0.000674106
-0.000674494
-0.000675948
-0.000679361
-0.000683129
-0.000681135
-0.000679682
-0.000683348
-0.000691138
-0.00069151
-0.000686373
-0.000679868
-0.000675981
-0.000675289
-0.000681929
-0.00067904
-0.000674984
-0.000671639
-0.000673464
-0.000679006
-0.000677012
-0.000677941
-0.000673244
-0.000674613
-0.000674275
-0.00067615
-0.000675103
-0.000675322
-0.000673802
-0.00067855
-0.000680493
-0.000674613
-0.000677502
-0.000681355
-0.000680645
-0.000678719
-0.000676471
-0.000676657
-0.000669713
-0.000676269
-0.000683805
-0.000685883
-0.000682115
-0.000677874
-0.000676015
-0.000671453
-0.00067659
-0.000678246
-0.000673988
-0.000669949
-0.000668902
-0.000671064
-0.000676201
-0.000682199
-0.000679969
-0.000682504
-0.000673278
-0.000665607
-0.000665522
-0.000675525
-0.00068051
-0.000684261
-0.000683991
-0.00068465
-0.000694838
-0.000690614
-0.000681642
-0.000677637
-0.000672196
-0.000670608
-0.000669307
-0.000672281
-0.000679479
-0.000677198
-0.000675829
-0.000671842
-0.000668276
-0.000661467
-0.000668395
-0.000668817
-0.000662024
-0.000659186
-0.000657969
-0.000657428
-0.000663765
-0.000663528
-0.000657597
-0.00065851
-0.000666063
-0.000672534
-0.000677113
-0.000676759
-0.000669121
-0.000672501
-0.00067566
-0.000665167
-0.000659422
-0.000661095
-0.00065633
-0.000656668
-0.000656415
-0.000657107
-0.000656888
-0.000658375
-0.000658983
-0.000662295
-0.000661957
-0.000658527
-0.00065437
-0.000661349
-0.000666722
-0.000670862
-0.000672112
-0.000667263
-0.00066314
-0.000675525
-0.000681963
-0.000676573
-0.000668158
-0.00066368
-0.000654455
-0.000648743
-0.000649064
-0.000650433
-0.000646429
-0.000645685
-0.000640548
-0.000638859
-0.000641849
-0.000652055
-0.000652579
-0.000647628
-0.000645719
-0.000640041
-0.000646327
-0.000651717
-0.00065508
-0.000652985
-0.000644063
-0.00063847
-0.000649352
-0.000652106
-0.000647425
-0.000634246
-0.000633164
-0.000636747
-0.000638048
-0.000634313
-0.000634702
-0.000633198
-0.000636003
-0.000641106
-0.000648541
-0.000648405
-0.00064408
-0.000641968
-0.000638267
-0.000639146
-0.000635614
-0.000636527
-0.000637946
-0.000642998
-0.000636865
-0.0006309
-0.000626929
-0.000632472
-0.000630883
-0.000633147
-0.000635462
-0.000643201
-0.000646462
-0.000636172
-0.000629599
-0.000631018
-0.000636594
-0.000630968
-0.000625442
-0.000625392
-0.000628264
-0.000639873
-0.000651751
-0.000644654
-0.000636189
-0.000632742
-0.000635108
-0.000629481
-0.000630495
-0.000623432
-0.000625172
-0.000629244
-0.000634263
-0.000637
-0.000638774
-0.00063428
-0.000632049
-0.000631069
-0.000625645
-0.000626507
-0.000633029
-0.0006407
-0.000630833
-0.000627774
-0.000623719
-0.000618903
-0.000621725
-0.000623415
-0.000625358
-0.0006333
-0.000638402
-0.000633384
-0.000627774
-0.000625595
-0.000627166
-0.000628129
-0.000629768
-0.000636257
-0.000638926
-0.000634297
-0.000630376
-0.000616234
-0.000619917
-0.000623634
-0.000618819
-0.000610674
-0.000614358
-0.000625932
-0.000631069
-0.000622063
-0.00061674
-0.000625037
-0.000620069
-0.000622621
-0.000621472
-0.000612871
-0.000612415
-0.000613293
-0.000613158
-0.000613615
-0.000607903
-0.000613547
-0.000625949
-0.000625949
-0.000621843
-0.000615794
-0.00060427
-0.000607667
-0.000610168
-0.000608934
-0.000612533
-0.00061037
-0.000610218
-0.00061424
-0.000618667
-0.000615913
-0.000618329
-0.000617839
-0.000629988
-0.000620661
-0.000606045
-0.000599675
-0.000596582
-0.000592409
-0.000594656
-0.000598948
-0.000606163
-0.000609086
-0.000605234
-0.000604862
-0.000596565
-0.000595095
-0.000594284
-0.000591834
-0.000597748
-0.000597005
-0.000596143
-0.000595653
-0.000594369
-0.000597968
-0.000606146
-0.000604727
-0.000602648
-0.000610725
-0.000611891
-0.000613868
-0.000608596
-0.000599556
-0.00060084
-0.000597765
-0.00059741
-0.000600401
-0.000598103
-0.000593017
-0.000588894
-0.000597309
-0.00059986
-0.000598204
-0.000598559
-0.00059273
-0.00058881
-0.000588675
-0.000584569
-0.000587086
-0.000594284
-0.000595214
-0.000589824
-0.000585684
-0.000587847
-0.000589671
-0.00059224
-0.000588489
-0.000590009
-0.000590499
-0.000587171
-0.000584738
-0.000588218
-0.000591902
-0.00058467
-0.000577235
-0.00057291
-0.000569175
-0.000569091
-0.000572335
-0.00057661
-0.000581155
-0.000583453
-0.000591801
-0.000587086
-0.000575732
-0.000570122
-0.000567148
-0.00057394
-0.000584315
-0.000589756
-0.000590466
-0.000590567
-0.000591767
-0.000592426
-0.000592223
-0.000592544
-0.000589384
-0.000587914
-0.000588354
-0.000593946
-0.000592578
-0.000597224
-0.000596954
-0.000596244
-0.000597799
-0.000597529
-0.000600925
-0.000608089
-0.000603493
-0.000600891
-0.000603426
-0.000597968
-0.000595433
-0.000597191
-0.000596092
-0.000601145
-0.00059643
-0.000592696
-0.000592358
-0.000596532
-0.000597174
-0.000587576
-0.000585819
-0.000587813
-0.000585734
-0.000582794
-0.000579871
-0.000579821
-0.000587644
-0.000596261
-0.000595518
-0.000592966
-0.0005942
-0.000596329
-0.000592747
-0.000593558
-0.000596211
-0.000596819
-0.000597529
-0.000600266
-0.00059518
-0.000591175
-0.000591175
-0.000583758
-0.000590178
-0.000599708
-0.000604152
-0.000606535
-0.000595264
-0.000591243
-0.000589232
-0.00059251
-0.000596616
-0.000600773
-0.000609525
-0.000604338
-0.000596684
-0.000592679
-0.000598289
-0.000601263
-0.000595028
-0.000590635
-0.000590973
-0.000593862
-0.000590685
-0.000588201
-0.000583403
-0.000584163
-0.000589959
-0.000589722
-0.000586478
